3.97497e-05 3.97497e-05 3.97497e-05 3.97497e-05 3.97497e-05 3.97497e-05 3.97497e-05 3.97497e-05 3.97497e-05 3.97497e-05 3.97497e-05 3.97497e-05 3.97497e-05 3.97497e-05 3.97497e-05 3.97497e-05 3.97497e-05 3.97497e-05 3.97497e-05 3.97497e-05 3.97497e-05 3.97497e-05 3.97497e-05 3.97497e-05 3.97497e-05 3.97497e-05 3.97497e-05 3.97497e-05 3.97497e-05 0.998847 
0.000116347 0.000116347 0.000116347 0.000116347 0.000116347 0.000116347 0.000116347 0.000116347 0.000116347 0.000116347 0.000116347 0.000116347 0.000116347 0.000116347 0.000116347 0.000116347 0.000116347 0.000116347 0.000116347 0.000116347 0.000116347 0.000116347 0.000116347 0.000116347 0.000116347 0.000116347 0.000116347 0.000116347 0.000116347 0.996626 
0.0333333 0.0333333 0.0333333 0.0333333 0.0333333 0.0333333 0.0333333 0.0333333 0.0333333 0.0333333 0.0333333 0.0333333 0.0333333 0.0333333 0.0333333 0.0333333 0.0333333 0.0333333 0.0333333 0.0333333 0.0333333 0.0333333 0.0333333 0.0333333 0.0333333 0.0333333 0.0333333 0.0333333 0.0333333 0.0333333 
0.0333333 0.0333333 0.0333333 0.0333333 0.0333333 0.0333333 0.0333333 0.0333333 0.0333333 0.0333333 0.0333333 0.0333333 0.0333333 0.0333333 0.0333333 0.0333333 0.0333333 0.0333333 0.0333333 0.0333333 0.0333333 0.0333333 0.0333333 0.0333333 0.0333333 0.0333333 0.0333333 0.0333333 0.0333333 0.0333333 
4.40381e-05 4.40381e-05 4.40381e-05 4.40381e-05 4.40381e-05 4.40381e-05 4.40381e-05 4.40381e-05 4.40381e-05 4.40381e-05 4.40381e-05 4.40381e-05 4.40381e-05 4.40381e-05 4.40381e-05 4.40381e-05 4.40381e-05 4.40381e-05 4.40381e-05 4.40381e-05 4.40381e-05 4.40381e-05 4.40381e-05 4.40381e-05 4.40381e-05 4.40381e-05 4.40381e-05 4.40381e-05 4.40381e-05 0.998723 
0.0333333 0.0333333 0.0333333 0.0333333 0.0333333 0.0333333 0.0333333 0.0333333 0.0333333 0.0333333 0.0333333 0.0333333 0.0333333 0.0333333 0.0333333 0.0333333 0.0333333 0.0333333 0.0333333 0.0333333 0.0333333 0.0333333 0.0333333 0.0333333 0.0333333 0.0333333 0.0333333 0.0333333 0.0333333 0.0333333 
0.0333333 0.0333333 0.0333333 0.0333333 0.0333333 0.0333333 0.0333333 0.0333333 0.0333333 0.0333333 0.0333333 0.0333333 0.0333333 0.0333333 0.0333333 0.0333333 0.0333333 0.0333333 0.0333333 0.0333333 0.0333333 0.0333333 0.0333333 0.0333333 0.0333333 0.0333333 0.0333333 0.0333333 0.0333333 0.0333333 
0.0333333 0.0333333 0.0333333 0.0333333 0.0333333 0.0333333 0.0333333 0.0333333 0.0333333 0.0333333 0.0333333 0.0333333 0.0333333 0.0333333 0.0333333 0.0333333 0.0333333 0.0333333 0.0333333 0.0333333 0.0333333 0.0333333 0.0333333 0.0333333 0.0333333 0.0333333 0.0333333 0.0333333 0.0333333 0.0333333 
0.0333333 0.0333333 0.0333333 0.0333333 0.0333333 0.0333333 0.0333333 0.0333333 0.0333333 0.0333333 0.0333333 0.0333333 0.0333333 0.0333333 0.0333333 0.0333333 0.0333333 0.0333333 0.0333333 0.0333333 0.0333333 0.0333333 0.0333333 0.0333333 0.0333333 0.0333333 0.0333333 0.0333333 0.0333333 0.0333333 
0.00014602 0.00014602 0.00014602 0.00014602 0.00014602 0.00014602 0.00014602 0.00014602 0.00014602 0.00014602 0.00014602 0.00014602 0.00014602 0.00014602 0.00014602 0.00014602 0.00014602 0.00014602 0.00014602 0.00014602 0.00014602 0.00014602 0.00014602 0.00014602 0.00014602 0.00014602 0.00014602 0.00014602 0.00014602 0.995765 
